039504	039520	asm/sub_8039504.o(.text.sub_8039504)	sub_8039504 region-different gbadisasm descriptive asm
