030930	030940	asm/WfxFlames_VSync.o(.text.WfxFlames_VSync)	WfxFlames_VSync region-different gbadisasm descriptive asm
