0DB6A8	0DB6D0	asm/__negdf2.o(.text.__negdf2)	__negdf2 region-different gbadisasm descriptive asm
