03A714	03A748	src/AiWaitAndClearScreenAction.o(.text)	AiWaitAndClearScreenAction (perm2: no-funcmap region-diff -> matching C; reloc-resolved)
