sub_8068E34
