UnitList_TogglePrepDeployState
